raffia 251044.249577 219863.333775 1038208.079762 1211847.431831 154.877930 615.542716 124.191895 41785.533123 207.993164 109717.957961 6.497559 28916.390131 55.623136 1.491400
raffia 286353.018356 715189.900767 1070109.028842 2087591.524889 145.214844 1074.160873 166.978516 79548.420193 304.757812 263312.138123 25.012207 62823.717624 80.505987 2.463706
raffia 241126.283961 150551.883543 650240.160859 1164787.524572 168.728516 513.730984 106.088867 31946.000159 166.828613 65307.759323 8.185059 18108.457453 52.157281 1.344368
raffia 124082.775199 169592.938032 723932.591799 1373008.145547 160.458984 637.795193 134.772217 60677.151423 224.784424 122320.095678 23.492188 35407.698914 88.807498 1.586739
raffia 109552.992138 272311.463845 575170.334481 1886708.469297 160.059570 730.473990 120.344971 56131.826857 262.904297 157577.781612 38.820801 41244.936271 72.264800 2.142013
raffia 167671.290465 517080.779304 463543.297515 1750720.647373 166.122070 711.046622 112.145996 66855.108446 258.152832 128879.861774 45.199951 41011.050535 94.193916 1.767865
raffia 231114.664820 397287.852367 975793.775211 1711770.202569 156.774414 733.776259 140.164062 92622.731384 253.445068 157052.428074 10.864258 49415.700690 85.992765 1.844913
raffia 148498.135152 382761.937786 733566.645352 1463738.180822 167.669922 648.512142 121.080566 41044.919412 233.298828 126136.847469 17.287842 32371.472140 82.380034 1.724570
raffia 134240.312464 185938.223939 665257.208009 1238809.574054 170.456055 573.734397 97.798340 25060.266584 164.871582 71884.946522 10.642578 23593.752010 56.324088 1.286718
raffia 161216.531523 550014.259087 652771.495877 1680222.765031 165.341797 774.340206 144.968262 75871.977875 248.348389 165211.124902 34.466553 53531.237101 89.143560 1.834147
raffia 135384.525975 442991.854485 826361.129976 1729842.193732 164.822266 727.015285 141.936768 95977.744354 221.424805 110628.322959 19.399414 34837.882461 91.822677 1.695971
raffia 203557.997783 304144.263371 829440.621721 2014891.318000 149.000977 804.024413 138.244141 54288.859097 296.029541 154126.888837 12.689453 50047.517818 63.966518 2.333865
raffia 112075.415545 167858.883578 794572.645630 1260761.930439 167.152344 552.092026 131.938965 95439.889219 206.967041 136302.972119 17.689697 32408.262050 111.259566 1.342063
raffia 198209.283606 562317.419296 1244347.983983 1614914.136654 153.901367 905.090858 187.431885 107489.702208 224.940430 98887.726188 24.874756 43499.621338 78.768917 2.145455
raffia 153714.820416 249238.432522 838807.441680 1299814.720253 169.251953 652.063473 114.417480 37361.553615 192.339844 94798.717758 13.682617 27667.390601 64.775931 1.472704
raffia 184842.831233 470510.722105 1313731.947319 1027348.460324 161.700195 753.133750 165.380859 85670.522427 161.422363 72840.964065 20.179199 28036.433098 87.309143 1.378801
sand 340858.884394 456711.977377 1091072.303516 1522664.058382 151.426758 886.031745 209.152100 168754.414305 299.504150 357130.183638 22.391113 90320.410019 137.203213 1.825229
sand 247947.860446 285481.591558 669336.095897 490754.694653 162.989258 466.135627 162.131348 91857.227255 159.839111 106760.740045 19.877441 37655.319208 119.500147 1.060391
sand 389582.319226 1048559.080602 786218.889575 1156057.748870 154.916016 817.926540 218.871826 163476.527944 244.585449 216745.208641 32.371826 89067.042104 140.134911 1.710804
sand 244966.980177 504492.633110 704244.725363 1070815.172679 156.872070 705.113517 181.910889 122778.492731 232.010742 161510.531379 22.705811 73552.354798 143.885530 1.259196
sand 374383.766721 678097.196363 1429331.821978 931063.606016 148.688477 820.640258 256.977051 238829.164390 243.858643 184683.077247 36.293213 100217.723169 148.141567 1.973803
sand 295007.599056 443598.267187 503557.412256 727658.942938 161.387695 514.948325 170.356689 90792.641877 215.509766 141572.334621 20.771484 51942.576077 122.885883 1.144428
sand 252667.437747 571670.321986 593302.964404 976084.060797 159.565430 671.513297 174.690186 120935.422997 191.949707 147758.452427 30.770264 63840.417741 104.018188 1.348398
sand 330646.705459 624337.430301 772775.277658 836587.306195 160.455078 615.331966 219.534912 284610.249697 224.996338 238637.608690 26.921875 90944.321167 170.663701 1.370804
sand 272404.286826 384712.545184 955366.088431 543179.786757 164.007812 551.863220 188.114502 123175.420300 166.905762 86452.228790 19.388428 58691.711978 132.362556 1.162819
sand 355740.881812 653268.288058 835141.966301 1036135.653388 154.914062 873.223083 197.626465 150025.333738 235.182861 297494.898508 30.569824 93821.705208 139.170834 1.446819
sand 307773.434510 710580.631098 947939.673506 967264.285170 159.478516 776.507351 201.950195 141844.693076 220.685547 231453.575191 40.066895 67565.231609 130.850094 1.561139
sand 369643.289660 610813.056930 1026516.186531 974903.567106 150.838867 769.152747 249.328369 193333.421532 221.232178 189080.159900 28.609375 100847.947388 150.554379 1.661726
sand 316442.570341 324708.407565 833924.857880 586038.437842 154.680664 537.957595 161.827148 94945.809234 162.177734 124886.126614 6.345947 44767.504161 105.426575 1.063190
sand 365566.516355 315323.109174 899842.666591 609780.917127 154.940430 624.190787 236.014893 162402.585044 202.875244 119706.205688 19.523926 75705.551307 131.913025 1.514803
sand 409658.436707 409378.466808 883245.826662 830800.245679 159.683594 645.464340 201.712158 150604.378146 193.531738 172069.361175 6.551514 54062.190034 148.116001 1.172370
sand 311221.900127 423747.262320 758692.161254 556039.103638 156.877930 502.249747 190.316406 165382.758041 180.941162 148119.965959 28.089111 64832.595148 113.231999 1.059261
bark 338420.661178 505694.547200 3262530.271546 2266547.318928 162.135742 1765.755988 339.235840 404053.986006 275.653564 411408.517739 46.658936 208592.245430 143.676031 2.293626
bark 794064.726672 1359881.818346 7576189.397502 3766003.401787 129.949219 4016.985703 449.127197 512211.659907 387.421387 700501.383835 29.541504 283671.851061 119.236401 4.009655
bark 892635.396978 2227180.562344 5859269.670519 3135294.699616 141.180664 2997.694900 464.634521 585098.757478 493.118652 861626.732137 111.440186 441939.165673 206.526521 4.433480
bark 916502.736293 1954050.127603 6224095.326706 3233318.370858 138.078125 3117.402100 561.260010 1038124.105552 460.438721 1050135.112029 60.882812 392043.344666 207.112238 4.322915
bark 411254.878497 1440488.826299 2163875.596263 3134890.994940 157.075195 1971.032432 458.650635 604288.511062 436.129150 844490.968244 97.072266 350161.768459 184.362838 3.693911
bark 1206277.021127 1128779.921927 4286557.957780 3780460.061617 130.634766 2741.378323 536.199219 698198.255234 439.089844 473012.166000 9.524658 269682.380312 195.329581 4.564472
bark 270978.065730 543244.657387 2600299.410173 1091504.255624 162.394531 1252.902939 284.143555 322545.985984 201.693848 153271.877584 44.100342 122177.216189 139.727080 1.655012
bark 465203.299752 480292.861430 2783691.410978 1683791.964355 151.196289 1479.921432 334.155029 331444.233229 340.272217 673679.820856 30.853516 147343.871487 185.814581 2.331203
bark 541203.704599 575990.550774 2340013.690930 1427585.898927 144.107422 1372.652523 415.457520 369504.566189 300.910400 251616.985197 51.803711 172352.979171 264.208511 2.224128
bark 270905.465840 414782.032997 3418609.536566 843690.170269 158.598633 1308.195350 236.378906 157054.605698 183.071045 111653.787860 29.538818 65060.668842 120.193482 1.285916
bark 597207.215403 790313.836802 3208438.369156 2317443.723509 137.006836 1943.985305 410.994629 495330.270357 334.068115 333422.465270 14.490234 169544.599270 212.683613 2.379153
bark 809323.578709 505992.217123 2160669.591958 2018899.814939 146.974609 1793.782558 324.947754 355070.734941 374.429443 552459.672207 -57.778809 200261.371118 165.400771 3.099771
bark 428634.315967 490499.584650 1830884.088472 953067.226767 153.465820 963.811332 235.514893 146298.560874 152.527100 86866.016050 4.634766 58649.677761 134.257697 1.308519
bark 456979.980603 455275.345745 7016901.929610 879268.609618 154.337891 2188.493252 462.211670 807381.177303 192.080811 220165.940674 14.226318 146786.468006 118.563027 2.825308
bark 665388.010320 723842.163925 5008532.851047 1578415.358891 127.319336 2639.100173 503.705811 616787.077454 424.976562 650332.186951 77.461426 252443.296486 254.711476 3.723596
bark 663891.908391 567887.633899 4469225.316220 5423546.451406 134.858398 2918.420379 389.821533 589099.622752 348.036621 516250.341554 -30.404297 192623.467525 167.210607 2.884884
straw 141416.455893 3558885.111550 553995.586791 494917.154060 143.555664 881.860183 348.040283 236710.656397 437.451904 385156.348212 304.724121 233725.991396 309.002163 1.758043
straw 845031.800003 461133.136120 2890939.720339 1058724.279386 141.602539 1799.542220 649.633057 1023948.885677 399.038330 394904.095516 101.124268 443751.885864 266.684872 3.687866
straw 278941.570694 966771.240506 1019381.706587 3788883.778673 146.670898 1413.753997 226.324951 186279.455137 536.093994 537432.356705 141.570557 119419.482632 318.807114 2.437318
straw 351698.230382 691543.603579 1504521.955845 3960390.646849 148.499023 1567.482421 352.966064 734894.428353 572.194336 628434.505935 10.466064 215620.969735 308.686910 2.049935
straw 273685.987660 3100915.520411 542378.030306 4628268.732695 138.298828 1725.225155 299.862793 207957.893162 917.990479 1416830.313447 334.246094 328462.247543 381.035513 3.594228
straw 134623.783531 1986358.882748 386491.257180 3292178.727468 152.519531 1240.827744 166.052246 69672.905596 603.826416 813659.709676 213.680420 168873.129131 209.098350 2.514787
straw 533098.344169 1023203.918878 4020633.530923 1087872.407541 138.625000 2294.152344 846.664551 1268443.639793 583.258301 743358.904350 311.003418 757070.056385 488.923550 4.134264
straw 243771.543776 332586.971540 1399981.303563 436845.926149 146.208008 1212.117866 610.853027 657429.016363 353.140869 258082.751213 325.687988 327952.502868 298.335047 2.374516
straw 187822.115931 1225998.127526 619809.910973 1705908.481155 142.145508 1085.766913 372.093506 323808.678207 472.684326 448014.817769 254.430176 226094.229622 260.662260 2.516320
straw 284179.398140 740218.912006 4062071.476325 456665.497500 136.557617 1935.141212 866.808838 1439057.920061 405.635498 355427.976941 431.765137 439720.439468 515.814556 3.811668
straw 86055.446667 3641197.037708 283631.810686 993921.738762 165.104492 860.292792 244.405029 123004.922804 408.610107 391926.213890 251.075684 156327.037607 214.798702 1.897089
straw 901529.974405 538822.128348 3323733.912130 882017.787932 151.367188 1638.415955 596.113770 696877.612179 267.433594 210045.358383 94.261719 292780.384628 190.801729 3.614486
straw 350587.851001 280502.815478 2175072.537012 294413.083792 142.251953 1129.485348 637.479004 1121920.226976 355.586182 242784.610310 327.598145 275247.462780 512.662706 1.491941
straw 258729.658686 1849020.298191 1594267.780283 747427.951109 153.737305 1363.621421 652.596436 655203.085854 452.006104 371572.347680 421.663086 334301.189590 384.342115 2.382169
straw 448809.757580 287499.176978 2536532.761393 753929.982719 157.996094 1329.591782 676.445801 872707.947868 319.832764 223515.389207 270.008057 351478.850338 295.574432 2.035590
straw 256353.546369 1153831.303883 1044220.377056 880529.855575 164.956055 1150.614280 379.242920 314736.013927 370.901855 297943.329845 256.510742 242258.624518 251.950576 2.182580
bubbles 721123.945568 1122234.323415 1065620.019430 822055.475121 88.839844 974.413803 273.690186 278417.994286 249.083984 227858.039822 1.022217 163613.691950 144.796871 1.755350
bubbles 704600.737375 582621.355025 2579298.720473 1011684.465908 130.294922 1466.950130 216.557129 126048.171663 214.553223 118392.405248 -20.395020 72966.722622 107.949024 1.632193
bubbles 409553.181720 480986.470298 1199958.447065 1212739.711027 120.896484 857.204128 188.729736 95138.158464 193.502930 113679.565421 -1.740234 64371.819118 108.639145 1.573752
bubbles 203272.961794 891376.298063 1566556.849063 2289600.316117 123.840820 1497.555717 208.143555 180285.259910 263.989746 193792.668718 54.543213 98461.998682 139.307602 1.727561
bubbles 538813.423679 943145.872119 1390490.322817 1393213.423612 99.665039 1583.613387 233.697510 147135.869254 281.125244 210326.096680 33.070312 123739.774109 181.914751 1.683300
bubbles 271142.495369 755471.870092 1778990.922700 2130115.636607 86.921875 1511.800537 165.454102 116446.406585 218.402588 174698.417574 28.521484 64157.959621 70.028688 1.726210
bubbles 375567.329064 1623566.088862 1701740.155213 1824710.603018 127.344727 1338.725890 209.161377 127621.252095 344.124023 491328.448485 52.454346 128087.752737 130.124544 2.226061
bubbles 374199.759307 238090.009772 2743521.446633 1276298.073219 122.954102 1477.037932 196.473633 164857.283240 199.569580 147012.357524 -36.049561 63354.645676 121.243027 1.522886
bubbles 463217.689738 328035.358947 1750180.862105 851537.393106 147.936523 869.307494 230.292236 295327.147325 198.192139 158676.591928 8.932129 74743.606355 141.533178 1.328502
bubbles 347600.085077 307478.402676 1369127.241456 1113857.609815 123.405273 885.016418 203.040527 226697.157415 196.617676 105086.353462 2.074707 60008.294956 141.031369 1.127916
bubbles 356192.217515 922834.078165 962582.461944 1432704.733835 101.090820 1059.984916 180.864746 141206.744524 253.779053 247162.839061 64.179932 119111.103794 124.886001 1.446890
bubbles 827739.570097 749741.723298 2152207.726004 2918003.291378 117.118164 1968.793654 234.776123 192413.560170 368.708008 369039.226996 -22.120117 119007.113379 166.227504 2.299479
bubbles 373968.412832 1140483.778471 1317329.636620 2243991.815146 126.907227 1299.425963 204.862793 233619.112888 397.014648 489880.544463 72.831787 205265.538660 186.446274 2.589681
bubbles 505599.908157 314429.954597 1469455.764113 1701261.244284 120.185547 1101.162838 227.399902 173125.000845 212.223145 135771.081188 -19.700439 83486.041306 122.483093 1.480627
bubbles 371937.068919 964453.709924 2296179.278466 1612231.341238 118.713867 1338.553870 265.994873 225029.957188 247.411865 168792.044173 38.610596 123569.090857 127.713685 2.334670
bubbles 647923.457522 804719.769813 1093046.626357 2130432.137411 110.637695 1351.920493 267.884766 209297.380520 366.857910 316908.862745 38.733398 144750.123382 165.173636 2.110774
pigskin 312366.856274 104599.034859 588649.024391 534677.560430 162.972656 454.194565 92.314209 16220.756680 105.722900 31176.876890 -10.747070 12668.074454 66.585071 0.664513
pigskin 160856.924373 490818.351303 466178.773192 1044393.769805 160.761719 529.062363 114.796143 27065.373298 187.774414 110984.728164 1.899902 32475.331167 115.720182 0.938599
pigskin 307911.989570 324062.477458 670016.160471 758389.007964 165.969727 512.207091 115.255371 28320.306001 135.687744 48333.046844 3.644287 21417.252924 77.753165 0.788450
pigskin 135039.719918 268876.377801 447755.462484 409809.111989 170.225586 319.856338 86.549805 15229.220664 96.353027 23629.412359 8.344482 10577.814865 56.390754 0.624844
pigskin 365804.103365 244473.198098 675076.134825 546928.493656 160.207031 482.136826 123.708984 34761.806911 124.321533 46247.234324 -11.010742 21420.918220 75.858700 0.837813
pigskin 257405.330007 157858.634486 393512.911820 404373.146330 172.196289 295.224166 83.260986 14838.014711 74.956055 18753.488791 -8.046875 7872.363281 48.969657 0.548809
pigskin 134079.634948 224541.592478 694331.673649 646926.733429 164.654297 465.999630 101.664795 22733.094119 134.155029 53887.864577 -2.203857 16914.236579 72.003445 0.767514
pigskin 290070.537206 251039.316237 537299.041045 584361.500670 175.125977 434.860106 107.367432 26610.984928 117.408691 35359.027918 -6.780029 16128.972426 81.606920 0.797270
pigskin 197452.982008 329582.471926 543640.605410 803841.691325 163.227539 474.859359 99.028320 22554.094169 124.351807 46353.625805 7.447998 18438.946942 60.183509 0.788732
pigskin 310965.710028 291359.600017 502680.659378 676673.385452 174.648438 407.884216 106.373535 27782.503416 138.362061 52418.999711 -8.343506 20280.664169 103.648589 0.749522
pigskin 186518.886682 159387.424834 434035.104276 419336.508820 164.384766 347.564846 86.544678 17915.917621 96.829346 34760.159171 -1.354736 12951.691972 70.954672 0.594529
pigskin 195877.505483 346736.037615 392291.925899 517418.358103 169.008789 369.922774 122.976562 30989.774597 153.216553 60154.123454 4.377686 28909.983025 100.863930 0.812249
pigskin 71650.187279 295081.195885 262572.458390 700620.858644 170.440430 365.584342 82.408203 32208.751583 121.433594 52731.077866 21.923340 27530.746687 78.194877 0.540081
pigskin 177064.995533 155905.847478 537145.594553 455806.507185 160.064453 356.376705 95.617676 24905.656440 97.223877 31795.246327 3.140381 11098.646980 71.643736 0.567083
pigskin 254836.852636 253155.308164 493211.446700 776686.109123 174.121094 485.389633 107.166748 25732.408169 123.284424 41873.785131 6.904785 19252.577360 87.752426 0.753965
pigskin 186410.919694 482465.982735 536102.514768 726298.237627 162.623047 457.586422 118.106934 35476.429605 164.676758 92909.034675 18.590332 26281.400532 98.970547 0.826387
