raffia 0.000099 0.000383 0.000071 0.000138 0.000010 0.000049 0.000001
raffia 0.000119 0.000402 0.000069 0.000116 0.000007 0.000039 0.000001
raffia 0.000087 0.000407 0.000076 0.000131 0.000018 0.000047 0.000001
raffia 0.000083 0.000368 0.000072 0.000112 0.000010 0.000046 0.000001
raffia 0.000067 0.000363 0.000062 0.000134 0.000006 0.000029 0.000001
raffia 0.000110 0.000365 0.000087 0.000137 0.000012 0.000074 0.000001
raffia 0.000072 0.000425 0.000088 0.000106 0.000012 0.000037 0.000001
raffia 0.000107 0.000413 0.000073 0.000122 0.000009 0.000041 0.000001
sand 0.000115 0.000442 0.000158 0.000161 0.000019 0.000122 0.000001
sand 0.000136 0.000457 0.000156 0.000138 0.000016 0.000110 0.000001
sand 0.000099 0.000559 0.000126 0.000150 0.000020 0.000089 0.000001
sand 0.000101 0.000490 0.000127 0.000139 0.000025 0.000083 0.000001
sand 0.000094 0.000477 0.000155 0.000137 0.000018 0.000093 0.000001
sand 0.000137 0.000477 0.000144 0.000144 0.000006 0.000094 0.000001
sand 0.000128 0.000516 0.000195 0.000168 0.000016 0.000109 0.000001
sand 0.000117 0.000473 0.000148 0.000142 0.000005 0.000109 0.000001
bark 0.000044 0.000434 0.000098 0.000100 0.000009 0.000055 0.000001
bark 0.000050 0.000475 0.000144 0.000104 0.000018 0.000091 0.000001
bark 0.000045 0.000367 0.000066 0.000051 0.000008 0.000034 0.000000
bark 0.000033 0.000471 0.000100 0.000081 0.000004 0.000052 0.000001
bark 0.000046 0.000564 0.000102 0.000118 -0.000018 0.000052 0.000001
bark 0.000071 0.000444 0.000108 0.000070 0.000002 0.000062 0.000001
bark 0.000022 0.000306 0.000065 0.000027 0.000002 0.000017 0.000000
bark 0.000023 0.000487 0.000093 0.000078 0.000014 0.000047 0.000001
straw 0.000085 0.000708 0.000357 0.000206 0.000190 0.000174 0.000001
straw 0.000062 0.000477 0.000163 0.000207 0.000112 0.000114 0.000001
straw 0.000031 0.000436 0.000195 0.000091 0.000097 0.000116 0.000001
straw 0.000043 0.000226 0.000064 0.000107 0.000066 0.000056 0.000000
straw 0.000041 0.000445 0.000162 0.000073 0.000026 0.000052 0.000001
straw 0.000056 0.000446 0.000252 0.000140 0.000129 0.000202 0.000001
straw 0.000057 0.000506 0.000242 0.000168 0.000156 0.000143 0.000001
straw 0.000055 0.000464 0.000236 0.000112 0.000094 0.000103 0.000001
bubbles 0.000040 0.000482 0.000064 0.000065 -0.000012 0.000040 0.000000
bubbles 0.000072 0.000423 0.000112 0.000096 0.000004 0.000069 0.000001
bubbles 0.000067 0.000480 0.000110 0.000107 0.000001 0.000077 0.000001
bubbles 0.000050 0.000527 0.000090 0.000126 0.000032 0.000062 0.000001
bubbles 0.000031 0.000516 0.000061 0.000097 -0.000006 0.000044 0.000001
bubbles 0.000043 0.000444 0.000070 0.000136 0.000025 0.000064 0.000001
bubbles 0.000051 0.000471 0.000097 0.000091 -0.000008 0.000052 0.000001
bubbles 0.000039 0.000445 0.000088 0.000082 0.000013 0.000042 0.000001
pigskin 0.000198 0.000493 0.000122 0.000133 -0.000008 0.000092 0.000001
pigskin 0.000156 0.000454 0.000095 0.000119 0.000007 0.000058 0.000001
pigskin 0.000184 0.000431 0.000112 0.000146 -0.000009 0.000109 0.000001
pigskin 0.000252 0.000532 0.000133 0.000148 -0.000002 0.000109 0.000001
pigskin 0.000221 0.000483 0.000161 0.000200 0.000006 0.000132 0.000001
pigskin 0.000210 0.000451 0.000102 0.000150 0.000027 0.000097 0.000001
pigskin 0.000215 0.000479 0.000128 0.000131 0.000004 0.000096 0.000001
pigskin 0.000176 0.000491 0.000108 0.000125 0.000007 0.000089 0.000001
